function [v,u]=Planck()

v=6.626070040e-34;
u=8.1e-42;

end
