function [v,u]=Rydberg()

v=10973731.568539;
u=5.5e-5;

end
